0a f6 08 2e 00 00 00 f0 00 82 a2 00 82 a2 0f 34
aa 02 ea ae 03 3e 06 04 52 a1 05 b8 62 04 03 3a
08 ea 69 0e 29 c6 15 b9 8e 1f d3 e9 2c 5f 83 3e
1f 38 48 b4 33 4b f2 91 4e d8 65 e6 66 1f ff ff
ff 00 00 00 00 00 00 00 00 00 00 00 00 00 00 00
00 00 00 00 00 00 00 00 00 00 00 00 00 00 00 00
00 00 00 00 00 00 00 00 00 00 00 00 00 00 00 00
00 00 00 00 00 00 00 00 00 00 00 00 00 00 00 00
00 00 00 00 00 00 00 00 00 00 00 00 00 00 00 00
00 00 00 00 00 00 00 00 00 00 00 00 00 00 00 00
00 00 00 00 00 00 00 00 00 00 00 00 00 00 00 00
00 00 00 00 00 00 00 00 00 00 00 00 00 00 00 00
00 00 00 00 00 00 00 00 00 00 00 00 00 00 00 00
00 00 00 00 00 00 00 00 00 00 00 00 00 00 00 00
00 00 00 00 00 00 00 00 00 00 00 00 00 00 00 00
00 00 00 00 00 00 00 00 