$MCA_166_ID:
SN# 0
HW# unknown
FW# unknown
$SPEC_REM:
drw.spe 
 
$DATE_MEA:
4294967295/4294967295/4294967295 4294967295:4294967295:4294967295
$MEAS_TIM:
1 0
$CPS:
0.000000
$NEUTRON_CPS:
0.000000
$NEUTRON_COUNT:
0
$NEUTRON_DOSERATE:
0.000000
$STATUS_OF_HEALTH:

$GPS_RMCHOUR:
0
$GPS_RMCMINUTE:
0
$GPS_RMCSECOND:
0
$GPS_RMCDAY:
0
$GPS_RMCMONTH:
0
$GPS_RMCYEAR:
0
$GPS_GSAPDOP:
0.000000
$GPS_GSAHDOP:
0.000000
$GPS_GSAVDOP:
0.000000
$ACTIVITY:
0.000000
$DISTANCE:
0.000000
$SWIDTH:
0.000000
$CPSOUTOFRANGE:
0.000000
$DATA:
0 1023
       0
       0
       0
       0
       0
       0
       0
       0
       0
       0
       0
       0
       0
       0
       0
       0
       1
       1
       1
       1
       2
       2
       2
       2
       3
       3
       3
       3
       4
       4
       4
       4
       4
       4
       4
       4
       4
       4
       4
       4
       5
       5
       5
       5
       5
       5
       5
       5
       5
       5
       5
       5
       6
       6
       6
       6
       6
       6
       6
       6
       6
       6
       6
       6
       6
       7
       7
       7
       7
       7
       7
       7
       7
       7
       7
       7
       7
       7
       7
       7
       8
       8
       8
       8
       8
       8
       8
       8
       8
       8
       8
       8
       8
       8
       8
       9
       9
       9
       9
       9
       9
       9
       9
       9
       9
       9
       9
       9
       9
       9
      10
      10
      10
      10
      10
      10
      10
      10
      10
      10
      10
      10
      10
      10
      10
      10
      10
      11
      11
      11
      11
      11
      11
      11
      11
      11
      11
      11
      11
      11
      11
      11
      11
      11
      11
      11
      12
      12
      12
      12
      12
      12
      12
      12
      12
      12
      12
      12
      12
      12
      12
      13
      13
      13
      13
      13
      13
      13
      13
      13
      13
      13
      13
      13
      13
      13
      13
      13
      13
      13
      13
      13
      13
      13
      13
      14
      14
      14
      14
      14
      14
      14
      14
      14
      14
      14
      14
      14
      14
      14
      14
      14
      14
      14
      14
      14
      14
      14
      14
      14
      14
      14
      14
      14
      14
      14
      14
      14
      14
      14
      14
      14
      14
      14
      14
      14
      14
      14
      14
      14
      14
      14
      14
      14
      14
      14
      14
      14
      14
      14
      14
      14
      14
      14
      14
      14
      14
      14
      14
      14
      14
      14
      14
      14
      14
      14
      14
      14
      14
      14
      14
      14
      14
      14
      14
      14
      14
      14
      14
      14
      14
      14
      14
      14
      14
      14
      14
      14
      14
      14
      14
      14
      14
      14
      14
      14
      14
      14
      14
      14
      14
      14
      14
      14
      14
      14
      14
      14
      14
      14
      14
      14
      14
      15
      15
      15
      15
      15
      15
      15
      15
      15
      15
      15
      15
      15
      15
      15
      15
      15
      15
      15
      15
      15
      15
      15
      15
      15
      15
      15
      15
      15
      15
      15
      15
      15
      15
      15
      15
      15
      15
      15
      15
      15
      15
      15
      15
      15
      15
      15
      15
      15
      15
      15
      15
      15
      15
      15
      15
      15
      15
      15
      15
      15
      15
      15
      15
      15
      15
      15
      15
      15
      15
      15
      15
      15
      15
      15
      15
      15
      15
      15
      15
      15
      15
      15
      15
      15
      15
      15
      15
      15
      15
      15
      15
      15
      15
      15
      15
      15
      15
      15
      15
      15
      15
      15
      15
      15
      15
      15
      15
      15
      15
      15
      15
      15
      15
      15
      15
      15
      15
      15
      15
      15
      15
      15
      15
      15
      15
      15
      15
      15
      15
      15
      15
      15
      15
      15
      15
      15
      15
      15
      15
      15
      15
      15
      15
      15
      15
      15
      15
      15
      15
      15
      15
      15
      15
      15
      15
      15
      15
      15
      15
      15
      15
      15
      15
      15
      15
      15
      15
      15
      15
      15
      15
      15
      15
      15
      15
      15
      15
      15
      15
      15
      15
      16
      16
      16
      16
      16
      16
      16
      16
      16
      16
      16
      16
      16
      16
      16
      16
      16
      16
      16
      16
      16
      16
      16
      16
      16
      16
      16
      16
      16
      16
      16
      16
      16
      16
      16
      16
      16
      16
      16
      16
      16
      16
      16
      16
      16
      16
      16
      16
      16
      16
      16
      16
      16
      16
      16
      16
      16
      16
      16
      16
      16
      16
      16
      16
      16
      16
      16
      16
      16
      16
      16
      16
      16
      16
      16
      16
      16
      16
      16
      16
      16
      16
      16
      16
      16
      16
      16
      16
      16
      16
      16
      16
      16
      16
      16
      16
      16
      16
      16
      16
      16
      16
      16
      16
      16
      16
      16
      16
      16
      16
      16
      16
      16
      16
      16
      16
      16
      16
      16
      16
      16
      16
      16
      16
      16
      16
      16
      16
      16
      16
      16
      16
      16
      16
      16
      16
      16
      16
      16
      16
      16
      16
      16
      16
      16
      16
      16
      16
      16
      16
      16
      16
      16
      16
      16
      16
      16
      16
      16
      16
      16
      16
      16
      16
      16
      16
      16
      16
      16
      16
      16
      16
      16
      16
      16
      16
      16
      16
      16
      16
      16
      16
      16
      16
      16
      16
      16
      16
      16
      16
      16
      16
      16
      16
      16
      16
      16
      16
      16
      16
      16
      16
      16
      16
      16
      16
      16
      16
      16
      16
      16
      16
      16
      16
      16
      16
      16
      16
      16
      16
      16
      16
      16
      16
      16
      16
      16
      16
      16
      16
      16
      16
      16
      16
      16
      16
      16
      16
      16
      16
      16
      16
      16
      16
      16
      16
      16
      16
      16
      16
      16
      16
      16
      16
      16
      16
      16
      16
      16
      16
      16
      16
      16
      16
      16
      16
      16
      16
      16
      16
      16
      16
      16
      16
      16
      16
      16
      16
      16
      16
      16
      16
      16
      16
      16
      16
      16
      16
      16
      16
      16
      16
      16
      16
      16
      16
      16
      16
      16
      16
      16
      16
      16
      16
      16
      16
      16
      16
      16
      16
      16
      16
      16
      16
      16
      16
      16
      16
      16
      16
      16
      16
      16
      16
      16
      16
      16
      16
      16
      16
      16
      16
      16
      16
      16
      16
      16
      16
      16
      16
      16
      16
      16
      16
      16
      16
      16
      16
      16
      16
      16
      16
      16
      16
      16
      16
      16
      16
      16
      16
      16
      16
      16
      16
      16
      16
      16
      16
      16
      16
      16
      16
      16
      16
      16
      16
      16
      16
      16
      16
      16
      16
      16
      16
      16
      16
      16
      16
      16
      16
      16
      16
      16
      16
      16
      16
      16
      16
      16
      16
      16
      16
      16
      16
      16
      16
      16
      16
      16
      16
      16
      16
      16
      16
      16
      16
      16
      16
      16
      16
      16
      16
      16
      16
      16
      16
      16
      16
      16
      16
      16
      16
      16
      16
      16
      16
      16
      16
      16
      16
      16
      16
      16
      16
      16
      16
      16
      16
      16
      16
      16
      16
      16
      16
      16
      16
      16
      16
      16
      16
      16
      16
      16
      16
      16
      16
      16
      16
      16
      16
      16
      16
      16
      16
      16
      16
      16
      16
      16
      16
      16
      16
      16
      16
      16
      16
      16
      16
      16
      16
      16
      16
      16
      16
      16
      16
      16
      16
      16
      16
      16
      16
      16
      16
      16
      16
      16
      16
      16
      16
      16
      16
      16
      16
      16
      16
      16
      16
      16
      16
      16
      16
      16
      16
      16
      16
      16
      16
      16
      16
      16
      16
      16
      16
      16
      16
      16
      16
      16
$ENER_FIT:
0.000000 3.123167
$ENER_TABLE:
1024
0.000000 0.000000
1.000000 0.000000
2.000000 0.000000
3.000000 0.000000
4.000000 3.000000
5.000000 5.000000
6.000000 8.000000
7.000000 11.000000
8.000000 13.000000
9.000000 16.000000
10.000000 19.000000
11.000000 23.000000
12.000000 26.000000
13.000000 29.000000
14.000000 33.000000
15.000000 35.000000
16.000000 38.000000
17.000000 40.000000
18.000000 43.000000
19.000000 45.000000
20.000000 47.000000
21.000000 50.000000
22.000000 52.000000
23.000000 55.000000
24.000000 57.000000
25.000000 60.000000
26.000000 63.000000
27.000000 65.000000
28.000000 68.000000
29.000000 71.000000
30.000000 74.000000
31.000000 76.000000
32.000000 79.000000
33.000000 82.000000
34.000000 85.000000
35.000000 88.000000
36.000000 91.000000
37.000000 94.000000
38.000000 97.000000
39.000000 100.000000
40.000000 103.000000
41.000000 106.000000
42.000000 109.000000
43.000000 112.000000
44.000000 115.000000
45.000000 118.000000
46.000000 121.000000
47.000000 124.000000
48.000000 127.000000
49.000000 130.000000
50.000000 133.000000
51.000000 136.000000
52.000000 139.000000
53.000000 142.000000
54.000000 145.000000
55.000000 148.000000
56.000000 151.000000
57.000000 154.000000
58.000000 157.000000
59.000000 160.000000
60.000000 162.000000
61.000000 165.000000
62.000000 168.000000
63.000000 171.000000
64.000000 174.000000
65.000000 177.000000
66.000000 180.000000
67.000000 183.000000
68.000000 186.000000
69.000000 188.000000
70.000000 191.000000
71.000000 194.000000
72.000000 197.000000
73.000000 200.000000
74.000000 203.000000
75.000000 206.000000
76.000000 209.000000
77.000000 212.000000
78.000000 215.000000
79.000000 218.000000
80.000000 221.000000
81.000000 224.000000
82.000000 227.000000
83.000000 231.000000
84.000000 234.000000
85.000000 237.000000
86.000000 240.000000
87.000000 243.000000
88.000000 246.000000
89.000000 249.000000
90.000000 253.000000
91.000000 256.000000
92.000000 259.000000
93.000000 262.000000
94.000000 265.000000
95.000000 269.000000
96.000000 272.000000
97.000000 275.000000
98.000000 278.000000
99.000000 281.000000
100.000000 284.000000
101.000000 287.000000
102.000000 290.000000
103.000000 293.000000
104.000000 296.000000
105.000000 299.000000
106.000000 302.000000
107.000000 305.000000
108.000000 308.000000
109.000000 311.000000
110.000000 314.000000
111.000000 317.000000
112.000000 320.000000
113.000000 323.000000
114.000000 326.000000
115.000000 329.000000
116.000000 332.000000
117.000000 335.000000
118.000000 338.000000
119.000000 341.000000
120.000000 345.000000
121.000000 348.000000
122.000000 352.000000
123.000000 355.000000
124.000000 358.000000
125.000000 361.000000
126.000000 365.000000
127.000000 368.000000
128.000000 371.000000
129.000000 374.000000
130.000000 377.000000
131.000000 380.000000
132.000000 382.000000
133.000000 385.000000
134.000000 388.000000
135.000000 391.000000
136.000000 394.000000
137.000000 397.000000
138.000000 400.000000
139.000000 403.000000
140.000000 406.000000
141.000000 409.000000
142.000000 412.000000
143.000000 414.000000
144.000000 417.000000
145.000000 420.000000
146.000000 423.000000
147.000000 426.000000
148.000000 429.000000
149.000000 432.000000
150.000000 435.000000
151.000000 438.000000
152.000000 441.000000
153.000000 444.000000
154.000000 447.000000
155.000000 451.000000
156.000000 454.000000
157.000000 457.000000
158.000000 460.000000
159.000000 463.000000
160.000000 466.000000
161.000000 469.000000
162.000000 472.000000
163.000000 475.000000
164.000000 478.000000
165.000000 481.000000
166.000000 484.000000
167.000000 487.000000
168.000000 491.000000
169.000000 494.000000
170.000000 497.000000
171.000000 500.000000
172.000000 503.000000
173.000000 506.000000
174.000000 509.000000
175.000000 512.000000
176.000000 515.000000
177.000000 518.000000
178.000000 522.000000
179.000000 525.000000
180.000000 528.000000
181.000000 531.000000
182.000000 534.000000
183.000000 537.000000
184.000000 540.000000
185.000000 543.000000
186.000000 546.000000
187.000000 550.000000
188.000000 553.000000
189.000000 556.000000
190.000000 559.000000
191.000000 562.000000
192.000000 565.000000
193.000000 568.000000
194.000000 571.000000
195.000000 575.000000
196.000000 578.000000
197.000000 581.000000
198.000000 584.000000
199.000000 587.000000
200.000000 590.000000
201.000000 593.000000
202.000000 596.000000
203.000000 599.000000
204.000000 603.000000
205.000000 606.000000
206.000000 609.000000
207.000000 612.000000
208.000000 615.000000
209.000000 618.000000
210.000000 621.000000
211.000000 624.000000
212.000000 627.000000
213.000000 630.000000
214.000000 634.000000
215.000000 637.000000
216.000000 640.000000
217.000000 643.000000
218.000000 646.000000
219.000000 649.000000
220.000000 652.000000
221.000000 655.000000
222.000000 658.000000
223.000000 661.000000
224.000000 664.000000
225.000000 668.000000
226.000000 671.000000
227.000000 674.000000
228.000000 677.000000
229.000000 680.000000
230.000000 683.000000
231.000000 686.000000
232.000000 689.000000
233.000000 692.000000
234.000000 695.000000
235.000000 698.000000
236.000000 701.000000
237.000000 704.000000
238.000000 707.000000
239.000000 710.000000
240.000000 713.000000
241.000000 716.000000
242.000000 719.000000
243.000000 722.000000
244.000000 726.000000
245.000000 729.000000
246.000000 732.000000
247.000000 735.000000
248.000000 738.000000
249.000000 741.000000
250.000000 744.000000
251.000000 747.000000
252.000000 750.000000
253.000000 753.000000
254.000000 756.000000
255.000000 759.000000
256.000000 762.000000
257.000000 765.000000
258.000000 768.000000
259.000000 771.000000
260.000000 774.000000
261.000000 777.000000
262.000000 780.000000
263.000000 783.000000
264.000000 786.000000
265.000000 789.000000
266.000000 792.000000
267.000000 795.000000
268.000000 798.000000
269.000000 801.000000
270.000000 804.000000
271.000000 807.000000
272.000000 810.000000
273.000000 813.000000
274.000000 816.000000
275.000000 819.000000
276.000000 822.000000
277.000000 825.000000
278.000000 828.000000
279.000000 832.000000
280.000000 835.000000
281.000000 838.000000
282.000000 841.000000
283.000000 844.000000
284.000000 847.000000
285.000000 850.000000
286.000000 853.000000
287.000000 856.000000
288.000000 859.000000
289.000000 862.000000
290.000000 865.000000
291.000000 868.000000
292.000000 871.000000
293.000000 874.000000
294.000000 877.000000
295.000000 880.000000
296.000000 883.000000
297.000000 886.000000
298.000000 889.000000
299.000000 892.000000
300.000000 895.000000
301.000000 898.000000
302.000000 901.000000
303.000000 904.000000
304.000000 908.000000
305.000000 911.000000
306.000000 914.000000
307.000000 917.000000
308.000000 920.000000
309.000000 923.000000
310.000000 926.000000
311.000000 929.000000
312.000000 932.000000
313.000000 935.000000
314.000000 938.000000
315.000000 941.000000
316.000000 944.000000
317.000000 947.000000
318.000000 950.000000
319.000000 953.000000
320.000000 957.000000
321.000000 960.000000
322.000000 963.000000
323.000000 966.000000
324.000000 969.000000
325.000000 972.000000
326.000000 975.000000
327.000000 978.000000
328.000000 981.000000
329.000000 984.000000
330.000000 987.000000
331.000000 990.000000
332.000000 994.000000
333.000000 997.000000
334.000000 1000.000000
335.000000 1003.000000
336.000000 1006.000000
337.000000 1009.000000
338.000000 1012.000000
339.000000 1015.000000
340.000000 1018.000000
341.000000 1021.000000
342.000000 1025.000000
343.000000 1028.000000
344.000000 1031.000000
345.000000 1034.000000
346.000000 1037.000000
347.000000 1040.000000
348.000000 1043.000000
349.000000 1046.000000
350.000000 1049.000000
351.000000 1052.000000
352.000000 1056.000000
353.000000 1059.000000
354.000000 1062.000000
355.000000 1065.000000
356.000000 1068.000000
357.000000 1071.000000
358.000000 1074.000000
359.000000 1077.000000
360.000000 1081.000000
361.000000 1084.000000
362.000000 1087.000000
363.000000 1090.000000
364.000000 1093.000000
365.000000 1096.000000
366.000000 1099.000000
367.000000 1102.000000
368.000000 1106.000000
369.000000 1109.000000
370.000000 1112.000000
371.000000 1115.000000
372.000000 1118.000000
373.000000 1121.000000
374.000000 1124.000000
375.000000 1127.000000
376.000000 1131.000000
377.000000 1134.000000
378.000000 1137.000000
379.000000 1140.000000
380.000000 1143.000000
381.000000 1146.000000
382.000000 1149.000000
383.000000 1152.000000
384.000000 1156.000000
385.000000 1159.000000
386.000000 1162.000000
387.000000 1165.000000
388.000000 1168.000000
389.000000 1171.000000
390.000000 1174.000000
391.000000 1178.000000
392.000000 1181.000000
393.000000 1184.000000
394.000000 1187.000000
395.000000 1190.000000
396.000000 1193.000000
397.000000 1196.000000
398.000000 1200.000000
399.000000 1203.000000
400.000000 1206.000000
401.000000 1209.000000
402.000000 1212.000000
403.000000 1215.000000
404.000000 1218.000000
405.000000 1222.000000
406.000000 1225.000000
407.000000 1228.000000
408.000000 1231.000000
409.000000 1234.000000
410.000000 1237.000000
411.000000 1240.000000
412.000000 1243.000000
413.000000 1246.000000
414.000000 1250.000000
415.000000 1253.000000
416.000000 1256.000000
417.000000 1259.000000
418.000000 1262.000000
419.000000 1265.000000
420.000000 1268.000000
421.000000 1271.000000
422.000000 1274.000000
423.000000 1277.000000
424.000000 1280.000000
425.000000 1283.000000
426.000000 1286.000000
427.000000 1289.000000
428.000000 1292.000000
429.000000 1296.000000
430.000000 1299.000000
431.000000 1302.000000
432.000000 1305.000000
433.000000 1308.000000
434.000000 1311.000000
435.000000 1314.000000
436.000000 1317.000000
437.000000 1320.000000
438.000000 1323.000000
439.000000 1326.000000
440.000000 1329.000000
441.000000 1332.000000
442.000000 1335.000000
443.000000 1338.000000
444.000000 1341.000000
445.000000 1345.000000
446.000000 1348.000000
447.000000 1351.000000
448.000000 1354.000000
449.000000 1357.000000
450.000000 1360.000000
451.000000 1363.000000
452.000000 1367.000000
453.000000 1370.000000
454.000000 1373.000000
455.000000 1376.000000
456.000000 1379.000000
457.000000 1382.000000
458.000000 1385.000000
459.000000 1389.000000
460.000000 1392.000000
461.000000 1395.000000
462.000000 1398.000000
463.000000 1401.000000
464.000000 1405.000000
465.000000 1408.000000
466.000000 1411.000000
467.000000 1414.000000
468.000000 1417.000000
469.000000 1420.000000
470.000000 1424.000000
471.000000 1427.000000
472.000000 1430.000000
473.000000 1433.000000
474.000000 1436.000000
475.000000 1439.000000
476.000000 1443.000000
477.000000 1446.000000
478.000000 1449.000000
479.000000 1452.000000
480.000000 1455.000000
481.000000 1458.000000
482.000000 1461.000000
483.000000 1465.000000
484.000000 1468.000000
485.000000 1471.000000
486.000000 1474.000000
487.000000 1477.000000
488.000000 1480.000000
489.000000 1484.000000
490.000000 1487.000000
491.000000 1490.000000
492.000000 1493.000000
493.000000 1496.000000
494.000000 1499.000000
495.000000 1502.000000
496.000000 1506.000000
497.000000 1509.000000
498.000000 1512.000000
499.000000 1515.000000
500.000000 1518.000000
501.000000 1521.000000
502.000000 1524.000000
503.000000 1528.000000
504.000000 1531.000000
505.000000 1534.000000
506.000000 1537.000000
507.000000 1540.000000
508.000000 1543.000000
509.000000 1546.000000
510.000000 1550.000000
511.000000 1553.000000
512.000000 1556.000000
513.000000 1559.000000
514.000000 1562.000000
515.000000 1565.000000
516.000000 1568.000000
517.000000 1571.000000
518.000000 1575.000000
519.000000 1578.000000
520.000000 1581.000000
521.000000 1584.000000
522.000000 1587.000000
523.000000 1590.000000
524.000000 1593.000000
525.000000 1596.000000
526.000000 1600.000000
527.000000 1603.000000
528.000000 1606.000000
529.000000 1609.000000
530.000000 1612.000000
531.000000 1615.000000
532.000000 1618.000000
533.000000 1621.000000
534.000000 1625.000000
535.000000 1628.000000
536.000000 1631.000000
537.000000 1634.000000
538.000000 1637.000000
539.000000 1640.000000
540.000000 1643.000000
541.000000 1646.000000
542.000000 1650.000000
543.000000 1653.000000
544.000000 1656.000000
545.000000 1659.000000
546.000000 1662.000000
547.000000 1665.000000
548.000000 1668.000000
549.000000 1671.000000
550.000000 1675.000000
551.000000 1678.000000
552.000000 1681.000000
553.000000 1684.000000
554.000000 1687.000000
555.000000 1690.000000
556.000000 1693.000000
557.000000 1696.000000
558.000000 1699.000000
559.000000 1703.000000
560.000000 1706.000000
561.000000 1709.000000
562.000000 1712.000000
563.000000 1715.000000
564.000000 1718.000000
565.000000 1721.000000
566.000000 1724.000000
567.000000 1727.000000
568.000000 1731.000000
569.000000 1734.000000
570.000000 1737.000000
571.000000 1740.000000
572.000000 1743.000000
573.000000 1746.000000
574.000000 1749.000000
575.000000 1752.000000
576.000000 1756.000000
577.000000 1759.000000
578.000000 1762.000000
579.000000 1765.000000
580.000000 1768.000000
581.000000 1771.000000
582.000000 1774.000000
583.000000 1777.000000
584.000000 1780.000000
585.000000 1784.000000
586.000000 1787.000000
587.000000 1790.000000
588.000000 1793.000000
589.000000 1796.000000
590.000000 1799.000000
591.000000 1802.000000
592.000000 1805.000000
593.000000 1808.000000
594.000000 1812.000000
595.000000 1815.000000
596.000000 1818.000000
597.000000 1821.000000
598.000000 1824.000000
599.000000 1827.000000
600.000000 1830.000000
601.000000 1833.000000
602.000000 1836.000000
603.000000 1840.000000
604.000000 1843.000000
605.000000 1846.000000
606.000000 1849.000000
607.000000 1852.000000
608.000000 1855.000000
609.000000 1858.000000
610.000000 1861.000000
611.000000 1864.000000
612.000000 1868.000000
613.000000 1871.000000
614.000000 1874.000000
615.000000 1877.000000
616.000000 1880.000000
617.000000 1883.000000
618.000000 1886.000000
619.000000 1889.000000
620.000000 1892.000000
621.000000 1896.000000
622.000000 1899.000000
623.000000 1902.000000
624.000000 1905.000000
625.000000 1908.000000
626.000000 1911.000000
627.000000 1914.000000
628.000000 1917.000000
629.000000 1920.000000
630.000000 1924.000000
631.000000 1927.000000
632.000000 1930.000000
633.000000 1933.000000
634.000000 1936.000000
635.000000 1939.000000
636.000000 1942.000000
637.000000 1945.000000
638.000000 1948.000000
639.000000 1952.000000
640.000000 1955.000000
641.000000 1958.000000
642.000000 1961.000000
643.000000 1964.000000
644.000000 1967.000000
645.000000 1970.000000
646.000000 1973.000000
647.000000 1977.000000
648.000000 1980.000000
649.000000 1983.000000
650.000000 1986.000000
651.000000 1989.000000
652.000000 1992.000000
653.000000 1995.000000
654.000000 1998.000000
655.000000 2001.000000
656.000000 2005.000000
657.000000 2008.000000
658.000000 2011.000000
659.000000 2014.000000
660.000000 2017.000000
661.000000 2020.000000
662.000000 2023.000000
663.000000 2026.000000
664.000000 2029.000000
665.000000 2033.000000
666.000000 2036.000000
667.000000 2039.000000
668.000000 2042.000000
669.000000 2045.000000
670.000000 2048.000000
671.000000 2051.000000
672.000000 2054.000000
673.000000 2058.000000
674.000000 2061.000000
675.000000 2064.000000
676.000000 2067.000000
677.000000 2070.000000
678.000000 2073.000000
679.000000 2076.000000
680.000000 2079.000000
681.000000 2082.000000
682.000000 2086.000000
683.000000 2089.000000
684.000000 2092.000000
685.000000 2095.000000
686.000000 2098.000000
687.000000 2101.000000
688.000000 2104.000000
689.000000 2107.000000
690.000000 2111.000000
691.000000 2114.000000
692.000000 2117.000000
693.000000 2120.000000
694.000000 2123.000000
695.000000 2126.000000
696.000000 2129.000000
697.000000 2132.000000
698.000000 2135.000000
699.000000 2139.000000
700.000000 2142.000000
701.000000 2145.000000
702.000000 2148.000000
703.000000 2151.000000
704.000000 2154.000000
705.000000 2157.000000
706.000000 2160.000000
707.000000 2164.000000
708.000000 2167.000000
709.000000 2170.000000
710.000000 2173.000000
711.000000 2176.000000
712.000000 2179.000000
713.000000 2182.000000
714.000000 2185.000000
715.000000 2188.000000
716.000000 2192.000000
717.000000 2195.000000
718.000000 2198.000000
719.000000 2201.000000
720.000000 2204.000000
721.000000 2207.000000
722.000000 2210.000000
723.000000 2213.000000
724.000000 2217.000000
725.000000 2220.000000
726.000000 2223.000000
727.000000 2226.000000
728.000000 2229.000000
729.000000 2232.000000
730.000000 2235.000000
731.000000 2238.000000
732.000000 2241.000000
733.000000 2245.000000
734.000000 2248.000000
735.000000 2251.000000
736.000000 2254.000000
737.000000 2257.000000
738.000000 2260.000000
739.000000 2263.000000
740.000000 2266.000000
741.000000 2270.000000
742.000000 2273.000000
743.000000 2276.000000
744.000000 2279.000000
745.000000 2282.000000
746.000000 2285.000000
747.000000 2288.000000
748.000000 2291.000000
749.000000 2294.000000
750.000000 2298.000000
751.000000 2301.000000
752.000000 2304.000000
753.000000 2307.000000
754.000000 2310.000000
755.000000 2313.000000
756.000000 2316.000000
757.000000 2319.000000
758.000000 2323.000000
759.000000 2326.000000
760.000000 2329.000000
761.000000 2332.000000
762.000000 2335.000000
763.000000 2338.000000
764.000000 2341.000000
765.000000 2344.000000
766.000000 2348.000000
767.000000 2351.000000
768.000000 2354.000000
769.000000 2357.000000
770.000000 2360.000000
771.000000 2363.000000
772.000000 2366.000000
773.000000 2369.000000
774.000000 2372.000000
775.000000 2376.000000
776.000000 2379.000000
777.000000 2382.000000
778.000000 2385.000000
779.000000 2388.000000
780.000000 2391.000000
781.000000 2394.000000
782.000000 2397.000000
783.000000 2401.000000
784.000000 2404.000000
785.000000 2407.000000
786.000000 2410.000000
787.000000 2413.000000
788.000000 2416.000000
789.000000 2419.000000
790.000000 2422.000000
791.000000 2426.000000
792.000000 2429.000000
793.000000 2432.000000
794.000000 2435.000000
795.000000 2438.000000
796.000000 2441.000000
797.000000 2444.000000
798.000000 2447.000000
799.000000 2450.000000
800.000000 2454.000000
801.000000 2457.000000
802.000000 2460.000000
803.000000 2463.000000
804.000000 2466.000000
805.000000 2469.000000
806.000000 2472.000000
807.000000 2475.000000
808.000000 2479.000000
809.000000 2482.000000
810.000000 2485.000000
811.000000 2488.000000
812.000000 2491.000000
813.000000 2494.000000
814.000000 2497.000000
815.000000 2500.000000
816.000000 2503.000000
817.000000 2507.000000
818.000000 2510.000000
819.000000 2513.000000
820.000000 2516.000000
821.000000 2519.000000
822.000000 2522.000000
823.000000 2525.000000
824.000000 2528.000000
825.000000 2532.000000
826.000000 2535.000000
827.000000 2538.000000
828.000000 2541.000000
829.000000 2544.000000
830.000000 2547.000000
831.000000 2550.000000
832.000000 2553.000000
833.000000 2557.000000
834.000000 2560.000000
835.000000 2563.000000
836.000000 2566.000000
837.000000 2569.000000
838.000000 2572.000000
839.000000 2575.000000
840.000000 2578.000000
841.000000 2581.000000
842.000000 2585.000000
843.000000 2588.000000
844.000000 2591.000000
845.000000 2594.000000
846.000000 2597.000000
847.000000 2600.000000
848.000000 2603.000000
849.000000 2606.000000
850.000000 2610.000000
851.000000 2613.000000
852.000000 2616.000000
853.000000 2619.000000
854.000000 2622.000000
855.000000 2625.000000
856.000000 2628.000000
857.000000 2631.000000
858.000000 2634.000000
859.000000 2638.000000
860.000000 2641.000000
861.000000 2644.000000
862.000000 2647.000000
863.000000 2650.000000
864.000000 2653.000000
865.000000 2656.000000
866.000000 2659.000000
867.000000 2663.000000
868.000000 2666.000000
869.000000 2669.000000
870.000000 2672.000000
871.000000 2675.000000
872.000000 2678.000000
873.000000 2681.000000
874.000000 2684.000000
875.000000 2688.000000
876.000000 2691.000000
877.000000 2694.000000
878.000000 2697.000000
879.000000 2700.000000
880.000000 2703.000000
881.000000 2706.000000
882.000000 2709.000000
883.000000 2712.000000
884.000000 2716.000000
885.000000 2719.000000
886.000000 2722.000000
887.000000 2725.000000
888.000000 2728.000000
889.000000 2731.000000
890.000000 2734.000000
891.000000 2737.000000
892.000000 2741.000000
893.000000 2744.000000
894.000000 2747.000000
895.000000 2750.000000
896.000000 2753.000000
897.000000 2756.000000
898.000000 2759.000000
899.000000 2762.000000
900.000000 2765.000000
901.000000 2769.000000
902.000000 2772.000000
903.000000 2775.000000
904.000000 2778.000000
905.000000 2781.000000
906.000000 2784.000000
907.000000 2787.000000
908.000000 2790.000000
909.000000 2794.000000
910.000000 2797.000000
911.000000 2800.000000
912.000000 2803.000000
913.000000 2806.000000
914.000000 2809.000000
915.000000 2812.000000
916.000000 2815.000000
917.000000 2818.000000
918.000000 2822.000000
919.000000 2825.000000
920.000000 2828.000000
921.000000 2831.000000
922.000000 2834.000000
923.000000 2837.000000
924.000000 2840.000000
925.000000 2843.000000
926.000000 2847.000000
927.000000 2850.000000
928.000000 2853.000000
929.000000 2856.000000
930.000000 2859.000000
931.000000 2862.000000
932.000000 2865.000000
933.000000 2868.000000
934.000000 2871.000000
935.000000 2875.000000
936.000000 2878.000000
937.000000 2881.000000
938.000000 2884.000000
939.000000 2887.000000
940.000000 2890.000000
941.000000 2893.000000
942.000000 2896.000000
943.000000 2900.000000
944.000000 2903.000000
945.000000 2906.000000
946.000000 2909.000000
947.000000 2912.000000
948.000000 2915.000000
949.000000 2918.000000
950.000000 2921.000000
951.000000 2924.000000
952.000000 2928.000000
953.000000 2931.000000
954.000000 2934.000000
955.000000 2937.000000
956.000000 2940.000000
957.000000 2943.000000
958.000000 2946.000000
959.000000 2949.000000
960.000000 2952.000000
961.000000 2956.000000
962.000000 2959.000000
963.000000 2962.000000
964.000000 2965.000000
965.000000 2968.000000
966.000000 2971.000000
967.000000 2974.000000
968.000000 2977.000000
969.000000 2981.000000
970.000000 2984.000000
971.000000 2987.000000
972.000000 2990.000000
973.000000 2993.000000
974.000000 2996.000000
975.000000 2999.000000
976.000000 3002.000000
977.000000 3005.000000
978.000000 3009.000000
979.000000 3012.000000
980.000000 3015.000000
981.000000 3018.000000
982.000000 3021.000000
983.000000 3024.000000
984.000000 3027.000000
985.000000 3030.000000
986.000000 3034.000000
987.000000 3037.000000
988.000000 3040.000000
989.000000 3043.000000
990.000000 3046.000000
991.000000 3049.000000
992.000000 3052.000000
993.000000 3055.000000
994.000000 3058.000000
995.000000 3062.000000
996.000000 3065.000000
997.000000 3068.000000
998.000000 3071.000000
999.000000 3074.000000
1000.000000 3077.000000
1001.000000 3080.000000
1002.000000 3083.000000
1003.000000 3087.000000
1004.000000 3090.000000
1005.000000 3093.000000
1006.000000 3096.000000
1007.000000 3099.000000
1008.000000 3102.000000
1009.000000 3105.000000
1010.000000 3108.000000
1011.000000 3111.000000
1012.000000 3115.000000
1013.000000 3118.000000
1014.000000 3121.000000
1015.000000 3124.000000
1016.000000 3127.000000
1017.000000 3130.000000
1018.000000 3133.000000
1019.000000 3136.000000
1020.000000 3139.000000
1021.000000 3143.000000
1022.000000 3146.000000
1023.000000 3149.000000
$SIGM_DATA:
1024
0.000000 0.000000
1.000000 0.000000
2.000000 0.000000
3.000000 0.000000
4.000000 0.070313
5.000000 0.140625
6.000000 0.210938
7.000000 0.281250
8.000000 0.351563
9.000000 0.421875
10.000000 0.492188
11.000000 0.562500
12.000000 0.632813
13.000000 0.703125
14.000000 0.773438
15.000000 0.843750
16.000000 0.902344
17.000000 0.972656
18.000000 1.042969
19.000000 1.113281
20.000000 1.171875
21.000000 1.242188
22.000000 1.312500
23.000000 1.371094
24.000000 1.441406
25.000000 1.500000
26.000000 1.558594
27.000000 1.628906
28.000000 1.687500
29.000000 1.746094
30.000000 1.804688
31.000000 1.863281
32.000000 1.921875
33.000000 1.980469
34.000000 2.027344
35.000000 2.085938
36.000000 2.132813
37.000000 2.191406
38.000000 2.238281
39.000000 2.296875
40.000000 2.343750
41.000000 2.390625
42.000000 2.437500
43.000000 2.484375
44.000000 2.531250
45.000000 2.578125
46.000000 2.613281
47.000000 2.660156
48.000000 2.707031
49.000000 2.742188
50.000000 2.789063
51.000000 2.824219
52.000000 2.859375
53.000000 2.906250
54.000000 2.941406
55.000000 2.976563
56.000000 3.011719
57.000000 3.046875
58.000000 3.082031
59.000000 3.117188
60.000000 3.152344
61.000000 3.187500
62.000000 3.222656
63.000000 3.257813
64.000000 3.292969
65.000000 3.328125
66.000000 3.363281
67.000000 3.398438
68.000000 3.421875
69.000000 3.457031
70.000000 3.492188
71.000000 3.515625
72.000000 3.550781
73.000000 3.585938
74.000000 3.609375
75.000000 3.644531
76.000000 3.667969
77.000000 3.703125
78.000000 3.726563
79.000000 3.761719
80.000000 3.785156
81.000000 3.808594
82.000000 3.843750
83.000000 3.867188
84.000000 3.902344
85.000000 3.925781
86.000000 3.949219
87.000000 3.972656
88.000000 4.007813
89.000000 4.031250
90.000000 4.054688
91.000000 4.078125
92.000000 4.101563
93.000000 4.136719
94.000000 4.160156
95.000000 4.183594
96.000000 4.207031
97.000000 4.230469
98.000000 4.253906
99.000000 4.277344
100.000000 4.300781
101.000000 4.324219
102.000000 4.347656
103.000000 4.371094
104.000000 4.394531
105.000000 4.417969
106.000000 4.441406
107.000000 4.464844
108.000000 4.488281
109.000000 4.511719
110.000000 4.535156
111.000000 4.558594
112.000000 4.582031
113.000000 4.605469
114.000000 4.617188
115.000000 4.640625
116.000000 4.664063
117.000000 4.687500
118.000000 4.710938
119.000000 4.734375
120.000000 4.757813
121.000000 4.769531
122.000000 4.792969
123.000000 4.816406
124.000000 4.839844
125.000000 4.863281
126.000000 4.875000
127.000000 4.898438
128.000000 4.921875
129.000000 4.945313
130.000000 4.968750
131.000000 4.980469
132.000000 5.003906
133.000000 5.027344
134.000000 5.050781
135.000000 5.074219
136.000000 5.097656
137.000000 5.109375
138.000000 5.132813
139.000000 5.156250
140.000000 5.179688
141.000000 5.203125
142.000000 5.214844
143.000000 5.238281
144.000000 5.261719
145.000000 5.285156
146.000000 5.308594
147.000000 5.320313
148.000000 5.343750
149.000000 5.367188
150.000000 5.390625
151.000000 5.414063
152.000000 5.437500
153.000000 5.449219
154.000000 5.472656
155.000000 5.496094
156.000000 5.519531
157.000000 5.531250
158.000000 5.554688
159.000000 5.578125
160.000000 5.601563
161.000000 5.625000
162.000000 5.636719
163.000000 5.660156
164.000000 5.683594
165.000000 5.695313
166.000000 5.718750
167.000000 5.742188
168.000000 5.765625
169.000000 5.777344
170.000000 5.800781
171.000000 5.824219
172.000000 5.835938
173.000000 5.859375
174.000000 5.882813
175.000000 5.894531
176.000000 5.917969
177.000000 5.929688
178.000000 5.953125
179.000000 5.964844
180.000000 5.988281
181.000000 6.011719
182.000000 6.023438
183.000000 6.046875
184.000000 6.058594
185.000000 6.082031
186.000000 6.093750
187.000000 6.117188
188.000000 6.128906
189.000000 6.152344
190.000000 6.164063
191.000000 6.175781
192.000000 6.199219
193.000000 6.210938
194.000000 6.234375
195.000000 6.246094
196.000000 6.269531
197.000000 6.281250
198.000000 6.292969
199.000000 6.316406
200.000000 6.328125
201.000000 6.339844
202.000000 6.363281
203.000000 6.375000
204.000000 6.386719
205.000000 6.410156
206.000000 6.421875
207.000000 6.433594
208.000000 6.457031
209.000000 6.468750
210.000000 6.480469
211.000000 6.503906
212.000000 6.515625
213.000000 6.527344
214.000000 6.550781
215.000000 6.562500
216.000000 6.574219
217.000000 6.585938
218.000000 6.609375
219.000000 6.621094
220.000000 6.632813
221.000000 6.644531
222.000000 6.667969
223.000000 6.679688
224.000000 6.691406
225.000000 6.714844
226.000000 6.726563
227.000000 6.738281
228.000000 6.750000
229.000000 6.773438
230.000000 6.785156
231.000000 6.796875
232.000000 6.808594
233.000000 6.832031
234.000000 6.843750
235.000000 6.855469
236.000000 6.867188
237.000000 6.878906
238.000000 6.902344
239.000000 6.914063
240.000000 6.925781
241.000000 6.937500
242.000000 6.960938
243.000000 6.972656
244.000000 6.984375
245.000000 6.996094
246.000000 7.019531
247.000000 7.031250
248.000000 7.042969
249.000000 7.054688
250.000000 7.066406
251.000000 7.089844
252.000000 7.101563
253.000000 7.113281
254.000000 7.125000
255.000000 7.136719
256.000000 7.160156
257.000000 7.171875
258.000000 7.183594
259.000000 7.195313
260.000000 7.207031
261.000000 7.230469
262.000000 7.242188
263.000000 7.253906
264.000000 7.265625
265.000000 7.277344
266.000000 7.300781
267.000000 7.312500
268.000000 7.324219
269.000000 7.335938
270.000000 7.347656
271.000000 7.359375
272.000000 7.382813
273.000000 7.394531
274.000000 7.406250
275.000000 7.417969
276.000000 7.429688
277.000000 7.441406
278.000000 7.464844
279.000000 7.476563
280.000000 7.488281
281.000000 7.500000
282.000000 7.511719
283.000000 7.523438
284.000000 7.535156
285.000000 7.558594
286.000000 7.570313
287.000000 7.582031
288.000000 7.593750
289.000000 7.605469
290.000000 7.617188
291.000000 7.628906
292.000000 7.652344
293.000000 7.664063
294.000000 7.675781
295.000000 7.687500
296.000000 7.699219
297.000000 7.710938
298.000000 7.722656
299.000000 7.734375
300.000000 7.757813
301.000000 7.769531
302.000000 7.781250
303.000000 7.792969
304.000000 7.804688
305.000000 7.816406
306.000000 7.828125
307.000000 7.839844
308.000000 7.851563
309.000000 7.863281
310.000000 7.886719
311.000000 7.898438
312.000000 7.910156
313.000000 7.921875
314.000000 7.933594
315.000000 7.945313
316.000000 7.957031
317.000000 7.968750
318.000000 7.980469
319.000000 7.992188
320.000000 8.003906
321.000000 8.015625
322.000000 8.039063
323.000000 8.050781
324.000000 8.062500
325.000000 8.074219
326.000000 8.085938
327.000000 8.097656
328.000000 8.109375
329.000000 8.121094
330.000000 8.132813
331.000000 8.144531
332.000000 8.156250
333.000000 8.167969
334.000000 8.179688
335.000000 8.191406
336.000000 8.203125
337.000000 8.214844
338.000000 8.226563
339.000000 8.238281
340.000000 8.250000
341.000000 8.261719
342.000000 8.285156
343.000000 8.296875
344.000000 8.308594
345.000000 8.320313
346.000000 8.332031
347.000000 8.343750
348.000000 8.355469
349.000000 8.367188
350.000000 8.378906
351.000000 8.390625
352.000000 8.402344
353.000000 8.414063
354.000000 8.425781
355.000000 8.437500
356.000000 8.449219
357.000000 8.460938
358.000000 8.472656
359.000000 8.484375
360.000000 8.496094
361.000000 8.507813
362.000000 8.519531
363.000000 8.531250
364.000000 8.542969
365.000000 8.554688
366.000000 8.566406
367.000000 8.578125
368.000000 8.589844
369.000000 8.601563
370.000000 8.613281
371.000000 8.625000
372.000000 8.636719
373.000000 8.648438
374.000000 8.660156
375.000000 8.671875
376.000000 8.683594
377.000000 8.695313
378.000000 8.707031
379.000000 8.707031
380.000000 8.718750
381.000000 8.730469
382.000000 8.742188
383.000000 8.753906
384.000000 8.765625
385.000000 8.777344
386.000000 8.789063
387.000000 8.800781
388.000000 8.812500
389.000000 8.824219
390.000000 8.835938
391.000000 8.847656
392.000000 8.859375
393.000000 8.871094
394.000000 8.882813
395.000000 8.894531
396.000000 8.906250
397.000000 8.917969
398.000000 8.929688
399.000000 8.929688
400.000000 8.941406
401.000000 8.953125
402.000000 8.964844
403.000000 8.976563
404.000000 8.988281
405.000000 9.000000
406.000000 9.011719
407.000000 9.023438
408.000000 9.035156
409.000000 9.046875
410.000000 9.058594
411.000000 9.070313
412.000000 9.070313
413.000000 9.082031
414.000000 9.093750
415.000000 9.105469
416.000000 9.117188
417.000000 9.128906
418.000000 9.140625
419.000000 9.152344
420.000000 9.164063
421.000000 9.175781
422.000000 9.175781
423.000000 9.187500
424.000000 9.199219
425.000000 9.210938
426.000000 9.222656
427.000000 9.234375
428.000000 9.246094
429.000000 9.257813
430.000000 9.269531
431.000000 9.269531
432.000000 9.281250
433.000000 9.292969
434.000000 9.304688
435.000000 9.316406
436.000000 9.328125
437.000000 9.339844
438.000000 9.351563
439.000000 9.351563
440.000000 9.363281
441.000000 9.375000
442.000000 9.386719
443.000000 9.398438
444.000000 9.410156
445.000000 9.421875
446.000000 9.433594
447.000000 9.433594
448.000000 9.445313
449.000000 9.457031
450.000000 9.468750
451.000000 9.480469
452.000000 9.492188
453.000000 9.503906
454.000000 9.503906
455.000000 9.515625
456.000000 9.527344
457.000000 9.539063
458.000000 9.550781
459.000000 9.562500
460.000000 9.562500
461.000000 9.574219
462.000000 9.585938
463.000000 9.597656
464.000000 9.609375
465.000000 9.621094
466.000000 9.621094
467.000000 9.632813
468.000000 9.644531
469.000000 9.656250
470.000000 9.667969
471.000000 9.679688
472.000000 9.679688
473.000000 9.691406
474.000000 9.703125
475.000000 9.714844
476.000000 9.726563
477.000000 9.726563
478.000000 9.738281
479.000000 9.750000
480.000000 9.761719
481.000000 9.773438
482.000000 9.785156
483.000000 9.785156
484.000000 9.796875
485.000000 9.808594
486.000000 9.820313
487.000000 9.832031
488.000000 9.832031
489.000000 9.843750
490.000000 9.855469
491.000000 9.867188
492.000000 9.878906
493.000000 9.878906
494.000000 9.890625
495.000000 9.902344
496.000000 9.914063
497.000000 9.914063
498.000000 9.925781
499.000000 9.937500
500.000000 9.949219
501.000000 9.960938
502.000000 9.960938
503.000000 9.972656
504.000000 9.984375
505.000000 9.996094
506.000000 10.007813
507.000000 10.007813
508.000000 10.019531
509.000000 10.031250
510.000000 10.042969
511.000000 10.042969
512.000000 10.054688
513.000000 10.066406
514.000000 10.078125
515.000000 10.078125
516.000000 10.089844
517.000000 10.101563
518.000000 10.113281
519.000000 10.125000
520.000000 10.125000
521.000000 10.136719
522.000000 10.148438
523.000000 10.160156
524.000000 10.160156
525.000000 10.171875
526.000000 10.183594
527.000000 10.195313
528.000000 10.195313
529.000000 10.207031
530.000000 10.218750
531.000000 10.230469
532.000000 10.230469
533.000000 10.242188
534.000000 10.253906
535.000000 10.265625
536.000000 10.265625
537.000000 10.277344
538.000000 10.289063
539.000000 10.300781
540.000000 10.300781
541.000000 10.312500
542.000000 10.324219
543.000000 10.324219
544.000000 10.335938
545.000000 10.347656
546.000000 10.359375
547.000000 10.359375
548.000000 10.371094
549.000000 10.382813
550.000000 10.394531
551.000000 10.394531
552.000000 10.406250
553.000000 10.417969
554.000000 10.417969
555.000000 10.429688
556.000000 10.441406
557.000000 10.453125
558.000000 10.453125
559.000000 10.464844
560.000000 10.476563
561.000000 10.476563
562.000000 10.488281
563.000000 10.500000
564.000000 10.511719
565.000000 10.511719
566.000000 10.523438
567.000000 10.535156
568.000000 10.535156
569.000000 10.546875
570.000000 10.558594
571.000000 10.570313
572.000000 10.570313
573.000000 10.582031
574.000000 10.593750
575.000000 10.593750
576.000000 10.605469
577.000000 10.617188
578.000000 10.628906
579.000000 10.628906
580.000000 10.640625
581.000000 10.652344
582.000000 10.652344
583.000000 10.664063
584.000000 10.675781
585.000000 10.675781
586.000000 10.687500
587.000000 10.699219
588.000000 10.699219
589.000000 10.710938
590.000000 10.722656
591.000000 10.734375
592.000000 10.734375
593.000000 10.746094
594.000000 10.757813
595.000000 10.757813
596.000000 10.769531
597.000000 10.781250
598.000000 10.781250
599.000000 10.792969
600.000000 10.804688
601.000000 10.804688
602.000000 10.816406
603.000000 10.828125
604.000000 10.828125
605.000000 10.839844
606.000000 10.851563
607.000000 10.851563
608.000000 10.863281
609.000000 10.875000
610.000000 10.875000
611.000000 10.886719
612.000000 10.898438
613.000000 10.898438
614.000000 10.910156
615.000000 10.921875
616.000000 10.921875
617.000000 10.933594
618.000000 10.945313
619.000000 10.945313
620.000000 10.957031
621.000000 10.968750
622.000000 10.968750
623.000000 10.980469
624.000000 10.992188
625.000000 10.992188
626.000000 11.003906
627.000000 11.015625
628.000000 11.015625
629.000000 11.027344
630.000000 11.039063
631.000000 11.039063
632.000000 11.050781
633.000000 11.062500
634.000000 11.062500
635.000000 11.074219
636.000000 11.085938
637.000000 11.085938
638.000000 11.097656
639.000000 11.097656
640.000000 11.109375
641.000000 11.121094
642.000000 11.121094
643.000000 11.132813
644.000000 11.144531
645.000000 11.144531
646.000000 11.156250
647.000000 11.167969
648.000000 11.167969
649.000000 11.179688
650.000000 11.191406
651.000000 11.191406
652.000000 11.203125
653.000000 11.203125
654.000000 11.214844
655.000000 11.226563
656.000000 11.226563
657.000000 11.238281
658.000000 11.250000
659.000000 11.250000
660.000000 11.261719
661.000000 11.273438
662.000000 11.273438
663.000000 11.285156
664.000000 11.285156
665.000000 11.296875
666.000000 11.308594
667.000000 11.308594
668.000000 11.320313
669.000000 11.332031
670.000000 11.332031
671.000000 11.343750
672.000000 11.343750
673.000000 11.355469
674.000000 11.367188
675.000000 11.367188
676.000000 11.378906
677.000000 11.390625
678.000000 11.390625
679.000000 11.402344
680.000000 11.402344
681.000000 11.414063
682.000000 11.425781
683.000000 11.425781
684.000000 11.437500
685.000000 11.437500
686.000000 11.449219
687.000000 11.460938
688.000000 11.460938
689.000000 11.472656
690.000000 11.484375
691.000000 11.484375
692.000000 11.496094
693.000000 11.496094
694.000000 11.507813
695.000000 11.519531
696.000000 11.519531
697.000000 11.531250
698.000000 11.531250
699.000000 11.542969
700.000000 11.554688
701.000000 11.554688
702.000000 11.566406
703.000000 11.566406
704.000000 11.578125
705.000000 11.589844
706.000000 11.589844
707.000000 11.601563
708.000000 11.601563
709.000000 11.613281
710.000000 11.625000
711.000000 11.625000
712.000000 11.636719
713.000000 11.636719
714.000000 11.648438
715.000000 11.660156
716.000000 11.660156
717.000000 11.671875
718.000000 11.671875
719.000000 11.683594
720.000000 11.695313
721.000000 11.695313
722.000000 11.707031
723.000000 11.707031
724.000000 11.718750
725.000000 11.730469
726.000000 11.730469
727.000000 11.742188
728.000000 11.742188
729.000000 11.753906
730.000000 11.765625
731.000000 11.765625
732.000000 11.777344
733.000000 11.777344
734.000000 11.789063
735.000000 11.789063
736.000000 11.800781
737.000000 11.812500
738.000000 11.812500
739.000000 11.824219
740.000000 11.824219
741.000000 11.835938
742.000000 11.847656
743.000000 11.847656
744.000000 11.859375
745.000000 11.859375
746.000000 11.871094
747.000000 11.871094
748.000000 11.882813
749.000000 11.894531
750.000000 11.894531
751.000000 11.906250
752.000000 11.906250
753.000000 11.917969
754.000000 11.917969
755.000000 11.929688
756.000000 11.941406
757.000000 11.941406
758.000000 11.953125
759.000000 11.953125
760.000000 11.964844
761.000000 11.964844
762.000000 11.976563
763.000000 11.988281
764.000000 11.988281
765.000000 12.000000
766.000000 12.000000
767.000000 12.011719
768.000000 12.011719
769.000000 12.023438
770.000000 12.035156
771.000000 12.035156
772.000000 12.046875
773.000000 12.046875
774.000000 12.058594
775.000000 12.058594
776.000000 12.070313
777.000000 12.070313
778.000000 12.082031
779.000000 12.093750
780.000000 12.093750
781.000000 12.105469
782.000000 12.105469
783.000000 12.117188
784.000000 12.117188
785.000000 12.128906
786.000000 12.140625
787.000000 12.140625
788.000000 12.152344
789.000000 12.152344
790.000000 12.164063
791.000000 12.164063
792.000000 12.175781
793.000000 12.175781
794.000000 12.187500
795.000000 12.187500
796.000000 12.199219
797.000000 12.210938
798.000000 12.210938
799.000000 12.222656
800.000000 12.222656
801.000000 12.234375
802.000000 12.234375
803.000000 12.246094
804.000000 12.246094
805.000000 12.257813
806.000000 12.269531
807.000000 12.269531
808.000000 12.281250
809.000000 12.281250
810.000000 12.292969
811.000000 12.292969
812.000000 12.304688
813.000000 12.304688
814.000000 12.316406
815.000000 12.316406
816.000000 12.328125
817.000000 12.339844
818.000000 12.339844
819.000000 12.351563
820.000000 12.351563
821.000000 12.363281
822.000000 12.363281
823.000000 12.375000
824.000000 12.375000
825.000000 12.386719
826.000000 12.386719
827.000000 12.398438
828.000000 12.410156
829.000000 12.410156
830.000000 12.421875
831.000000 12.421875
832.000000 12.433594
833.000000 12.433594
834.000000 12.445313
835.000000 12.445313
836.000000 12.457031
837.000000 12.457031
838.000000 12.468750
839.000000 12.468750
840.000000 12.480469
841.000000 12.480469
842.000000 12.492188
843.000000 12.503906
844.000000 12.503906
845.000000 12.515625
846.000000 12.515625
847.000000 12.527344
848.000000 12.527344
849.000000 12.539063
850.000000 12.539063
851.000000 12.550781
852.000000 12.550781
853.000000 12.562500
854.000000 12.562500
855.000000 12.574219
856.000000 12.574219
857.000000 12.585938
858.000000 12.597656
859.000000 12.597656
860.000000 12.609375
861.000000 12.609375
862.000000 12.621094
863.000000 12.621094
864.000000 12.632813
865.000000 12.632813
866.000000 12.644531
867.000000 12.644531
868.000000 12.656250
869.000000 12.656250
870.000000 12.667969
871.000000 12.667969
872.000000 12.679688
873.000000 12.679688
874.000000 12.691406
875.000000 12.691406
876.000000 12.703125
877.000000 12.714844
878.000000 12.714844
879.000000 12.726563
880.000000 12.726563
881.000000 12.738281
882.000000 12.738281
883.000000 12.750000
884.000000 12.750000
885.000000 12.761719
886.000000 12.761719
887.000000 12.773438
888.000000 12.773438
889.000000 12.785156
890.000000 12.785156
891.000000 12.796875
892.000000 12.796875
893.000000 12.808594
894.000000 12.808594
895.000000 12.820313
896.000000 12.820313
897.000000 12.832031
898.000000 12.832031
899.000000 12.843750
900.000000 12.843750
901.000000 12.855469
902.000000 12.855469
903.000000 12.867188
904.000000 12.878906
905.000000 12.878906
906.000000 12.890625
907.000000 12.890625
908.000000 12.902344
909.000000 12.902344
910.000000 12.914063
911.000000 12.914063
912.000000 12.925781
913.000000 12.925781
914.000000 12.937500
915.000000 12.937500
916.000000 12.949219
917.000000 12.949219
918.000000 12.960938
919.000000 12.960938
920.000000 12.972656
921.000000 12.972656
922.000000 12.984375
923.000000 12.984375
924.000000 12.996094
925.000000 12.996094
926.000000 13.007813
927.000000 13.007813
928.000000 13.019531
929.000000 13.019531
930.000000 13.031250
931.000000 13.031250
932.000000 13.042969
933.000000 13.042969
934.000000 13.054688
935.000000 13.054688
936.000000 13.066406
937.000000 13.066406
938.000000 13.078125
939.000000 13.078125
940.000000 13.089844
941.000000 13.089844
942.000000 13.101563
943.000000 13.101563
944.000000 13.113281
945.000000 13.113281
946.000000 13.125000
947.000000 13.125000
948.000000 13.136719
949.000000 13.136719
950.000000 13.148438
951.000000 13.160156
952.000000 13.160156
953.000000 13.171875
954.000000 13.171875
955.000000 13.183594
956.000000 13.183594
957.000000 13.195313
958.000000 13.195313
959.000000 13.207031
960.000000 13.207031
961.000000 13.218750
962.000000 13.218750
963.000000 13.230469
964.000000 13.230469
965.000000 13.242188
966.000000 13.242188
967.000000 13.253906
968.000000 13.253906
969.000000 13.265625
970.000000 13.265625
971.000000 13.277344
972.000000 13.277344
973.000000 13.289063
974.000000 13.289063
975.000000 13.300781
976.000000 13.300781
977.000000 13.312500
978.000000 13.312500
979.000000 13.324219
980.000000 13.324219
981.000000 13.335938
982.000000 13.335938
983.000000 13.347656
984.000000 13.347656
985.000000 13.359375
986.000000 13.359375
987.000000 13.371094
988.000000 13.371094
989.000000 13.382813
990.000000 13.382813
991.000000 13.394531
992.000000 13.394531
993.000000 13.406250
994.000000 13.406250
995.000000 13.417969
996.000000 13.417969
997.000000 13.429688
998.000000 13.429688
999.000000 13.441406
1000.000000 13.441406
1001.000000 13.453125
1002.000000 13.453125
1003.000000 13.464844
1004.000000 13.464844
1005.000000 13.476563
1006.000000 13.476563
1007.000000 13.488281
1008.000000 13.488281
1009.000000 13.500000
1010.000000 13.500000
1011.000000 13.511719
1012.000000 13.511719
1013.000000 13.523438
1014.000000 13.523438
1015.000000 13.535156
1016.000000 13.535156
1017.000000 13.546875
1018.000000 13.546875
1019.000000 13.558594
1020.000000 13.558594
1021.000000 13.570313
1022.000000 13.570313
1023.000000 13.582031
$TEMPERATURE:
0.000000
$SCALE_MODE:
0
$DOSE_RATE:
0.000000
$DU_NAME:
RadSearcher (AT1321) 
$RADIONUCLIDES:
 
$ACTIVITYRESULT:
 
$EFFECTIVEACTIVITYRESULT:
 
$MIX:
 
$GEOMETRY:
 
$SPECTRUMPROCESSED:
0
$BGNDSUBTRACTED:
0
$ENCRYPTED:
0
$DATE_MANUFACT:
unknown 
$GPS:
Lon= 0.000000
Lat= 0.000000
Alt= 0.000000
Speed= 0.000000
Dir= 0.000000
Valid= 0
